	215010	206561	206563	206562	206569	206648	206712	206713	206710	206711	206643	206644	206646	206647	224327	215023	206739	219693	219691	206657	206659	206658	224330	206704	206701	206700	206703	206702	206709	206708	206622	206548	206629	206547	206730	206731	206732	206733	206734	224328	206738	224326	224325	224324	224323	219669	206741	215048	219656	206743	224844	224845	206630	219654	206635	215007	219675	219676	219670	206729	206728	206536	206726	206725	206724	206721	206720	206742	215058	206747	215050	215055	215057	215056	206608	206609	206604	206605	206603	206684	206758	219643	219644	219645	219646	206683	206752	206753	206750	206751	206756	206757	206754	206755	215067	215061	215062	206761	222170	222171	206615	206718	214995	214994	219657	206740	219655	206719	219653	219652	219651	206746	215077	215076	215075	215074	206534	206770	206667	206660	206538	215084	215080	206727	219633	215008	215009	206572	206762	206570	206571	206767	206766	206670	219638	206678	206677	206676	206671	219634	206673	206672
215010	0.0	0.681726764881	0.688500114893	0.601139254511	0.562670509395	0.674241767461	0.683961208792	0.684114864577	0.667586060135	0.686834621068	0.775932598532	0.766533491764	0.634348242383	0.681163024089	0.708738422632	0.752619932326	0.645483443293	0.752328247158	0.730551455963	0.588419196197	0.69430846222	0.618625449727	0.642675082887	0.663088929581	0.811979986955	0.822871647572	0.654229516272	0.83146040647	0.664384947016	0.690302348006	0.75645126105	0.760188863826	0.735680356963	0.779619349678	0.829456561384	0.579999878603	0.580697062507	0.760533689404	0.763816454352	0.72528669679	0.653110633251	0.611953682127	0.61925157883	0.672069447307	0.680807110824	0.596948139226	0.586750234855	0.667718199153	0.671215338826	0.685823982082	0.63165725409	0.558613688464	0.718357418396	0.689299709336	0.658413296461	0.667925143444	0.77773736008	0.747845502409	0.569782539035	0.827068226695	0.647278939282	0.713098077806	0.66604195438	0.673126831991	0.758168425174	0.6655463943	0.676884379887	0.688960773427	0.578972815813	0.711607739354	0.684415526306	0.67163740245	0.57778230668	0.686372522685	0.697989034754	0.675215411272	0.608166208135	0.601029039888	0.750639247654	0.657516477332	0.771722602292	0.613848417999	0.74266687436	0.755715771602	0.757356620031	0.681085751385	0.62429091182	0.625815382893	0.613502695963	0.598167480911	0.672996011917	0.799418686036	0.6715263082	0.666460632407	0.591449840274	0.595127302776	0.599515933116	0.716066785174	0.661183373517	0.637981690514	0.751436100822	0.691064829721	0.736316128062	0.746701654251	0.823735244346	0.617486754359	0.644482342904	0.723369287052	0.673881864025	0.589542002788	0.594350055758	0.713416656747	0.631503391649	0.71265155156	0.688702620871	0.678634223235	0.72312100557	0.665907562824	0.794571012798	0.692507327984	0.735500210041	0.733573364686	0.693438257745	0.624426204365	0.645519191871	0.708571762429	0.395984248064	0.774877200145	0.741420781968	0.565051724601	0.782125163747	0.737924064571	0.718336673269	0.673140466136	0.708626970364	0.706710915984	0.774420727028	0.663495720249	0.821259758252	0.647014094462	0.657400997759	0.833645085781
206561	0.681726764881	0.0	0.674272502312	0.53428124781	0.661562985035	0.593781121083	0.690387300959	0.666231159148	0.660229675171	0.69065865305	0.723138112344	0.718519487763	0.696992638777	0.656051820323	0.647505477558	0.650396542422	0.698185060399	0.703894251123	0.659017191003	0.663675927044	0.634347120341	0.645853547725	0.679062796601	0.720284262668	0.73969454699	0.776537935452	0.687587893674	0.748682441324	0.62496175382	0.664097127947	0.671577860278	0.676093266014	0.693579871988	0.723714266398	0.74938442714	0.708702386728	0.70770819134	0.683130064823	0.699503015894	0.690544566397	0.635977615994	0.630471472843	0.626861221058	0.588083322256	0.628226305912	0.67376407778	0.655878300781	0.641005628692	0.609428593998	0.690632965234	0.602221406029	0.649750144613	0.673736293401	0.680659819527	0.709354175827	0.638134284027	0.725988120975	0.709002947212	0.613327274452	0.789157933121	0.63619981078	0.669618184948	0.665487629637	0.666136240184	0.676542225321	0.657584997313	0.671330767809	0.72544551876	0.668026670041	0.687753240082	0.663632843357	0.685715708192	0.70723076605	0.671609717015	0.636710830498	0.642327835232	0.660531248914	0.648877681618	0.703141025258	0.671729486605	0.745698490589	0.675185439962	0.712423910303	0.751598841633	0.716295516521	0.693798609973	0.6699219747	0.720333613006	0.685203353502	0.691406865624	0.649477105824	0.736642379705	0.718291307522	0.675255930903	0.632078551774	0.695440229215	0.702540494517	0.696189222496	0.590379417886	0.606015308123	0.659166688431	0.713377384859	0.734316829765	0.711438504971	0.749078467544	0.612106596611	0.653513189225	0.705646678272	0.693498835363	0.677770817604	0.676378238487	0.695517837995	0.706017137162	0.675837121954	0.647469862718	0.651020347442	0.686608458565	0.660795410411	0.679751613962	0.655265550743	0.691284888423	0.639408188904	0.759630248647	0.62489125695	0.626374073118	0.638413822914	0.689104439819	0.67922782147	0.648012499842	0.637434362391	0.682452723888	0.667935075001	0.713833464517	0.702252647975	0.655417307045	0.643088845985	0.718828443719	0.628118778328	0.729927554632	0.623948059305	0.698121771632	0.756918615397
206563	0.688500114893	0.674272502312	0.0	0.633910100467	0.694458956285	0.715888336656	0.728713841293	0.71150146266	0.717462273497	0.737088868355	0.770666259492	0.80503460142	0.723485262857	0.696833264737	0.734491563917	0.759996269076	0.718334868927	0.762152455836	0.718558830843	0.705418857165	0.722053737221	0.697502216179	0.718433427973	0.727708385235	0.808205700484	0.813524240181	0.701656688897	0.823285973675	0.68818301659	0.685542114609	0.746414241847	0.753085997286	0.723051435818	0.77427941248	0.821431325146	0.707422578222	0.728468908851	0.781531578629	0.781020670693	0.74772031669	0.693639061797	0.681000403107	0.658666281813	0.713824744117	0.721296781643	0.683172063977	0.678507299642	0.706539652298	0.691448720211	0.725405187639	0.699745963018	0.66228464703	0.720215668321	0.711731314748	0.717135641696	0.680845075323	0.775709416156	0.769607613693	0.672393983706	0.794159541522	0.678709126719	0.704772628361	0.716684996335	0.706985016011	0.756846629044	0.707298402623	0.69311562119	0.742592297177	0.709024067446	0.730324852842	0.712341459633	0.726338298508	0.72312230096	0.744394705439	0.717146395201	0.708597953845	0.709553965162	0.69659040646	0.741015800979	0.707531535771	0.804694812171	0.687035120397	0.738547454901	0.78024667969	0.75588861423	0.724632128474	0.710100413374	0.722768643516	0.679786206101	0.729352598308	0.712078366109	0.818546309811	0.689770648949	0.726850128767	0.703310559454	0.731909179039	0.728748603199	0.728694069786	0.715900088365	0.681730847717	0.777886729483	0.746753254408	0.744814705101	0.77058440156	0.805939801292	0.684732410595	0.680276583183	0.750999069547	0.715831686143	0.70183735662	0.693985873016	0.734618722315	0.719393411933	0.715078565967	0.688087804233	0.731438302961	0.715621926166	0.679024414695	0.768681488819	0.740214684664	0.747906225121	0.732024298037	0.746710827687	0.662467664527	0.688785833781	0.729553453457	0.676657363077	0.772817192628	0.733395966817	0.695006043832	0.757180128047	0.732957847027	0.756532882491	0.745992227057	0.719297646707	0.728919889882	0.747249951592	0.741615232769	0.823473902517	0.672922213146	0.726342468264	0.817138723142
206562	0.601139254511	0.53428124781	0.633910100467	0.0	0.598152778664	0.625060682078	0.635815476813	0.627611754971	0.638751687043	0.668357796389	0.706378231783	0.721929493304	0.622005634647	0.636762999849	0.681266753507	0.714258687406	0.606809413862	0.699402851583	0.675752416507	0.596450245859	0.645490339286	0.592789728408	0.633273909989	0.635452152732	0.760964545574	0.786698320023	0.603425846423	0.791585047448	0.625073058406	0.646527950285	0.682991023968	0.705854396943	0.691309404805	0.731893246836	0.771539336772	0.596012723479	0.624178203495	0.723305719225	0.73412865136	0.708100753381	0.615816822097	0.581923540939	0.608041102018	0.643187862886	0.669368775803	0.57899086568	0.597156412706	0.652239210788	0.627297682718	0.643801743101	0.624293862943	0.595447024119	0.683351867389	0.660429726745	0.644114712838	0.646482462481	0.724271806158	0.71379861086	0.54438765539	0.79398089792	0.623469864826	0.675566927373	0.622332647615	0.625592493164	0.723340131679	0.617341752273	0.634189177083	0.643687095279	0.600893387987	0.66156856616	0.62168137836	0.65618376037	0.610110149995	0.633665620263	0.614096279567	0.612958253436	0.635763735097	0.643187744898	0.713112284214	0.637873469023	0.74600378825	0.597973052037	0.684911009624	0.725081481272	0.712165747331	0.641306754905	0.597806430336	0.624775055646	0.61839320434	0.627728479746	0.614086445093	0.762215703915	0.638082803631	0.632963619771	0.586195368413	0.652900541395	0.660410487292	0.695795053004	0.63926513555	0.617824203462	0.694567105124	0.655949041845	0.703359161363	0.707969374623	0.775734342901	0.601316015075	0.645819914846	0.642450447508	0.654626984061	0.610256463114	0.583086973695	0.646175323957	0.656568089848	0.667511567287	0.674426763088	0.629697611641	0.665601072214	0.628490872414	0.744682191826	0.655893402985	0.724922001539	0.644971050275	0.671799089585	0.60060791663	0.619328839066	0.677864685328	0.602737262371	0.736542347485	0.681569824862	0.585679892802	0.736307733998	0.687330853435	0.686367306332	0.666159354851	0.651947971918	0.655432790911	0.7254277258	0.657017569732	0.791012595494	0.604600211811	0.622231726991	0.779440345849
206569	0.562670509395	0.661562985035	0.694458956285	0.598152778664	0.0	0.6648668904	0.667380853487	0.656907383372	0.658003812324	0.691476655809	0.743872373953	0.730622175361	0.652642561384	0.672703402474	0.716955580866	0.734625179515	0.640883884754	0.743233514227	0.721435637046	0.550306515778	0.671687115609	0.572047444502	0.652543099628	0.66799193203	0.800689776304	0.799858673702	0.638018333078	0.808918880953	0.652317109036	0.682474960649	0.733011225566	0.734703634557	0.742529659249	0.755438134418	0.820279919249	0.614684081662	0.609773478573	0.725880603467	0.740913817711	0.730355450479	0.647804956652	0.613599125128	0.587395405218	0.6934181949	0.704224052069	0.612060985994	0.592522120106	0.648390481994	0.654187832272	0.664622021521	0.640813893711	0.594906952667	0.724946371056	0.691644370924	0.658950899073	0.64330921182	0.754980745234	0.732053414903	0.601017561393	0.815301723571	0.657293627799	0.689069048443	0.67128033344	0.664689857673	0.736756772086	0.63610956747	0.650367081463	0.661563571341	0.601480301235	0.698801148432	0.671535520218	0.634126734358	0.608953695842	0.653561392008	0.677700405475	0.672872695635	0.622797551686	0.626057218123	0.727980046549	0.633708954839	0.763160995342	0.611021335172	0.725321625751	0.731458377707	0.732704152567	0.652025382161	0.628139160914	0.642414589237	0.635478263892	0.615079552473	0.632824758236	0.789505910316	0.701597338123	0.634883485745	0.496375856601	0.640256116678	0.647744254457	0.681802324015	0.66144762506	0.619508309741	0.719041129894	0.688134531102	0.704830906518	0.708634909472	0.794640354584	0.589324838998	0.642646002952	0.700523046682	0.663989368371	0.589302457156	0.611689783753	0.708065703057	0.643871714672	0.70252719266	0.672370417865	0.678827432273	0.689279306041	0.67595256416	0.760380783636	0.663890415082	0.724055540732	0.706403274814	0.703255825774	0.643359311789	0.643677631384	0.691412945178	0.580973406723	0.771636211426	0.711970474609	0.412988538172	0.767162022041	0.717145789061	0.701778562806	0.656437675891	0.691347110764	0.683170545578	0.757201519681	0.650691322937	0.807822549117	0.653798327647	0.649440911117	0.805995265529
206648	0.674241767461	0.593781121083	0.715888336656	0.625060682078	0.6648668904	0.0	0.650441664747	0.651160169117	0.652341680058	0.656922104089	0.694213682025	0.697253543297	0.710163564957	0.522946310637	0.625954922838	0.675977646637	0.677597045049	0.710496439883	0.651241457359	0.65673857933	0.600678411791	0.665761650147	0.679438722713	0.676920426284	0.739418305636	0.75018615731	0.653675863131	0.760670044018	0.617623508609	0.655602426496	0.688768912227	0.69340332575	0.642825551107	0.732082561528	0.736297507336	0.695649473571	0.704663245546	0.667846503938	0.674264460308	0.690563878736	0.646181738899	0.615535578847	0.623187388496	0.616226092895	0.644170875825	0.668529409068	0.647844097555	0.688994002585	0.628244454572	0.690606238164	0.622082417064	0.622673796938	0.663743866621	0.67364448331	0.682258052819	0.61101993728	0.712973619182	0.709836541783	0.633407620921	0.787930197898	0.632617208756	0.661598089435	0.661161574819	0.667094596065	0.665829187362	0.631121058987	0.633566419207	0.701186446066	0.681751353786	0.667838919691	0.654276377277	0.688628549957	0.685570717405	0.696355648537	0.648654418478	0.60892405147	0.658971224658	0.639177025398	0.690407519861	0.627622961779	0.720181968522	0.672464075222	0.658027930934	0.718045708379	0.683202950144	0.6557172035	0.656886786003	0.702536322855	0.680281208898	0.66360356011	0.638515129502	0.673665808436	0.688856847084	0.659726507516	0.65160971502	0.688928525178	0.696242953965	0.638475827988	0.669211213952	0.632718200598	0.66213395459	0.674343660378	0.708483261357	0.69748235831	0.741186618876	0.636481929561	0.624123576086	0.690320994539	0.670830463796	0.669936725961	0.655919190051	0.699835425974	0.710573800401	0.659376104418	0.641037873132	0.674773251802	0.680667980668	0.64408088802	0.684662985653	0.616189047718	0.677274953221	0.645390338029	0.735800713789	0.622791244115	0.649477489388	0.628428785402	0.69136532592	0.691430861684	0.614258688826	0.659951118479	0.680946295298	0.644256510654	0.677690789742	0.723301327708	0.637018389726	0.650180110232	0.737624681664	0.659658964145	0.729169666571	0.650474712601	0.635586916908	0.776712729752
206712	0.683961208792	0.690387300959	0.728713841293	0.635815476813	0.667380853487	0.650441664747	0.0	0.436253268192	0.551373156519	0.540428151848	0.718723962666	0.725697436723	0.662470618295	0.603531852877	0.642904637085	0.724351216957	0.557568178105	0.730178339518	0.652802280115	0.669330469472	0.674247242259	0.701321120853	0.669113969823	0.544808751681	0.797053661335	0.753006556374	0.563880286632	0.806309199857	0.594084817554	0.630477500491	0.757002525408	0.727554052243	0.706965466964	0.745177456921	0.786160861873	0.654993047153	0.673457380252	0.643744729519	0.629006078284	0.696754781087	0.622743581197	0.594565598766	0.628236365603	0.653807673543	0.65939506224	0.615623786987	0.597255216504	0.705003421539	0.664929139247	0.676682609246	0.693478506557	0.625113041754	0.688942062749	0.672664541289	0.62881264784	0.626710294371	0.731858717584	0.676988862729	0.653317693203	0.797479839072	0.642883480908	0.672249020397	0.515945779853	0.553851349402	0.711468443365	0.587655543061	0.588306796567	0.626043005517	0.684695227726	0.529573311876	0.651596040174	0.680332919939	0.671258681227	0.669771778236	0.672848001187	0.650817188122	0.704989989234	0.685871664194	0.706666574064	0.631341170604	0.707205317415	0.654964672021	0.55554515473	0.667261130687	0.632928026398	0.632902737456	0.619556273082	0.620639717483	0.647731639893	0.626386698674	0.579282150054	0.719735014745	0.639777314352	0.580459788003	0.663981914385	0.699751946085	0.717797528949	0.571976305107	0.691647611901	0.672415284251	0.698762418064	0.534686306068	0.669555046642	0.705134971035	0.759096524079	0.645462735708	0.623044525328	0.572403495826	0.644761065255	0.666818163717	0.621516898438	0.560680509912	0.64901814042	0.689577076286	0.692092902696	0.664745939231	0.678390761632	0.586979906986	0.739119109361	0.71347132607	0.696388263992	0.680877142668	0.682428388176	0.62900882183	0.656331862001	0.691592781567	0.684405373704	0.72387431852	0.661926848595	0.633569008504	0.730865041312	0.682698447988	0.604995226234	0.671694321989	0.615749880609	0.672303736833	0.752160474067	0.726114325841	0.780177457494	0.637345125481	0.682357239306	0.789021318992
206713	0.684114864577	0.666231159148	0.71150146266	0.627611754971	0.656907383372	0.651160169117	0.436253268192	0.0	0.590163417497	0.598416134678	0.695848121741	0.706766042346	0.662691614087	0.6185151372	0.662652161668	0.695998720689	0.59767341462	0.697267406699	0.608563775527	0.658438643596	0.66408271119	0.680240848857	0.648711278555	0.586285151699	0.759397808766	0.766012576844	0.566299250445	0.795663867388	0.572858461753	0.602308971406	0.729935322247	0.706638917865	0.700559294803	0.726214209749	0.754620168125	0.659000281483	0.666137082693	0.656592966046	0.654075614268	0.687522380758	0.57271533441	0.5970226366	0.59066453595	0.637057202179	0.636803954321	0.597749275589	0.604732877868	0.67481599872	0.650128918769	0.651803262739	0.665182454494	0.614294033803	0.677366442849	0.661883108268	0.613690986705	0.605339072963	0.711048080726	0.691776394974	0.637394726889	0.779204145772	0.620297598229	0.655404792866	0.562009822201	0.582573810538	0.695139146216	0.586236441605	0.607484532678	0.654677794028	0.693040651321	0.576714741636	0.655720416469	0.66863454299	0.693211465885	0.6854759823	0.66055408945	0.639548697788	0.645478422547	0.667917030087	0.658295700447	0.606669184394	0.706111983798	0.659878865167	0.597916599468	0.655135611112	0.614511764324	0.626827709362	0.616094602529	0.586777293163	0.653521642533	0.63332831635	0.605105504029	0.73187631175	0.657271147129	0.611497579343	0.656963826779	0.69127537698	0.709096106617	0.577109759319	0.675581037669	0.660111681089	0.685180789495	0.570236925523	0.651460792463	0.646344207282	0.733947383417	0.626508981415	0.614175100883	0.605560451087	0.647359290387	0.659742706068	0.630603939649	0.591202573695	0.636015118573	0.693952940155	0.670806159335	0.654290534756	0.651708909433	0.589353600232	0.720992390891	0.681722070614	0.661704546432	0.664895609868	0.685485874211	0.610381324324	0.629530346627	0.68679896847	0.673247193157	0.709183573613	0.640032183049	0.638732869821	0.687603281013	0.661994264625	0.60444878863	0.656742185027	0.612543754246	0.637967998036	0.737704180242	0.698928739978	0.762276366851	0.631325737415	0.671807890813	0.753253937365
206710	0.667586060135	0.660229675171	0.717462273497	0.638751687043	0.658003812324	0.652341680058	0.551373156519	0.590163417497	0.0	0.433473829721	0.68611358468	0.692952928636	0.655972783136	0.617070980242	0.614023991897	0.693245614828	0.62377253844	0.659509839521	0.628830753603	0.668712921662	0.660213862818	0.696999152767	0.634917194749	0.622311152705	0.770181729565	0.756609466425	0.623475199737	0.796557767904	0.555542746164	0.619914740702	0.716227050576	0.700622497151	0.697181422632	0.700199893332	0.754550685288	0.682701352387	0.706556254633	0.684364348649	0.658675215044	0.670903830981	0.616341110673	0.616392065688	0.628482193608	0.613213957687	0.623858281522	0.631321060476	0.621483724048	0.695754074718	0.634371365829	0.665254258171	0.667460448314	0.629715128174	0.652007598797	0.623555652612	0.621444224982	0.603444235058	0.706098760921	0.634445658479	0.625056888055	0.785848760987	0.601060914746	0.634487227226	0.565103880479	0.584815913482	0.666576667773	0.605138174536	0.604660598592	0.639458401628	0.680419650214	0.577700939191	0.600380024442	0.669206149326	0.688929421537	0.647950239847	0.627183368106	0.62144270477	0.674582753348	0.650687400141	0.62798604596	0.600297189361	0.685913773487	0.669299412168	0.609362724899	0.672111439733	0.638817403562	0.631666074686	0.637169986295	0.661238573673	0.634777629357	0.63635068706	0.593680993135	0.700087835779	0.667175150834	0.62287582917	0.666614640877	0.699010050692	0.723490644484	0.602867307875	0.675468029254	0.648109451394	0.679887194614	0.551618429912	0.704951183105	0.703071897084	0.749258778488	0.626062815946	0.628208817115	0.608287887362	0.601374670578	0.666933971321	0.655254019841	0.588167528831	0.662870840024	0.643312853848	0.637778582445	0.659637951406	0.655756933909	0.558905226194	0.70125395609	0.699284925467	0.659804447976	0.662647553272	0.707980951199	0.608979195639	0.621325913625	0.654753349943	0.654605706747	0.668659034166	0.610786681939	0.64806198594	0.684832710622	0.637599455838	0.622999582394	0.674585239486	0.619156695274	0.643554328242	0.703271126027	0.694603369752	0.757467673694	0.60445854401	0.672348170507	0.785912675377
206711	0.686834621068	0.69065865305	0.737088868355	0.668357796389	0.691476655809	0.656922104089	0.540428151848	0.598416134678	0.433473829721	0.0	0.707612091158	0.731973495757	0.693371375272	0.650333770379	0.620769002953	0.700415539469	0.626443254379	0.710574633596	0.650465105753	0.711676852107	0.683617966813	0.718724868348	0.655292253866	0.618559420723	0.778456384866	0.75215239443	0.620952713598	0.816833411592	0.59093162086	0.627695713127	0.755859715245	0.706918440762	0.708215164712	0.727574432102	0.769235743909	0.70348329548	0.708943441557	0.680246851956	0.664240823495	0.678518992485	0.638286136579	0.640946679459	0.659889829682	0.644501664087	0.650622808416	0.656934469843	0.630165262922	0.725126899938	0.666393815566	0.694012295587	0.70471424089	0.650634613884	0.666194265207	0.661919796934	0.657296258995	0.615095268897	0.717758074425	0.669622151452	0.666318637621	0.78534447973	0.631316048459	0.661544437346	0.557961979662	0.5698596904	0.687045997764	0.637424561494	0.634597885119	0.65346695342	0.706695250802	0.546657801813	0.650216771015	0.699130682482	0.686037791955	0.685744904828	0.664023054537	0.6459775653	0.714020208162	0.680254752038	0.669529965868	0.6343173111	0.692697368471	0.690032551292	0.616671931947	0.683542089985	0.660143520223	0.655307027174	0.638902274746	0.667536555485	0.647875683038	0.624015797206	0.614467289583	0.689678017755	0.659833029837	0.624880090749	0.676731116096	0.721510633382	0.74501607665	0.610525098878	0.713999062825	0.678632748135	0.700813272963	0.568550447519	0.718233081495	0.733257173465	0.755083220934	0.662473458365	0.627411238843	0.601096920356	0.638436634937	0.680540236515	0.66201001961	0.58077688898	0.690209918463	0.671299896191	0.644746794222	0.686054191749	0.683447099721	0.590918159241	0.722735980045	0.715815801235	0.684774150007	0.671840775265	0.701655870633	0.635563938534	0.644018769252	0.681707453115	0.697333101411	0.69373890757	0.656210989198	0.674763628426	0.694069617193	0.673761704316	0.594908018465	0.698360836737	0.631926980489	0.671066141281	0.748946871551	0.727958337203	0.757949327508	0.642702880045	0.688161949481	0.782942448491
206643	0.775932598532	0.723138112344	0.770666259492	0.706378231783	0.743872373953	0.694213682025	0.718723962666	0.695848121741	0.68611358468	0.707612091158	0.0	0.514287330767	0.74504142074	0.687889109109	0.715858792369	0.736986797879	0.751467380985	0.658588781981	0.707617522826	0.706954872028	0.658405783212	0.714849226993	0.739096543639	0.730113131011	0.682176038774	0.665338028024	0.698308056809	0.70524447653	0.703488745994	0.705833497912	0.694810711871	0.660296481617	0.718246180025	0.674883305976	0.709269011795	0.801416363073	0.804607956902	0.668857722435	0.683367999774	0.691542092794	0.706968107269	0.724903286773	0.694015471612	0.708324191521	0.707209580811	0.760705311241	0.748341332523	0.743203913887	0.680578462534	0.694563580703	0.742779060632	0.736049524496	0.713846028331	0.680247362857	0.703842751653	0.648857147288	0.683766194453	0.666855235068	0.717681343324	0.708885031007	0.666136500995	0.679132843621	0.717459929326	0.725517588118	0.684345388706	0.684035360608	0.666516411425	0.744702501635	0.756285715179	0.708570947662	0.692878566314	0.705419906498	0.76359426656	0.681236201536	0.589694410691	0.63868435637	0.712463243931	0.723396359081	0.697733015268	0.688304922394	0.670078859385	0.727890504027	0.705896014801	0.721188224958	0.733590136224	0.646250423062	0.719687887916	0.744335763223	0.719303527729	0.750967752966	0.667561292229	0.710124527975	0.734112562635	0.672997434017	0.705994915425	0.751678600516	0.786037911916	0.666410455314	0.674169534377	0.70628771719	0.664678750853	0.747419472263	0.669359599387	0.657234862319	0.679454051712	0.695502328789	0.713497073836	0.730269384608	0.663362481158	0.764633798237	0.750122686428	0.693875457322	0.726135855954	0.705452898967	0.6937666783	0.664842955058	0.661773038328	0.705326268645	0.693465437005	0.69544119193	0.657470975147	0.616234341622	0.762643213167	0.663428765311	0.690531904033	0.649687198794	0.749940661918	0.670828218229	0.633030626048	0.719593091238	0.707029515043	0.677713265698	0.739055029275	0.720641653626	0.717584106631	0.65549559574	0.674968340735	0.703871843655	0.699536757765	0.672270633244	0.698705591027	0.718503317128
206644	0.766533491764	0.718519487763	0.80503460142	0.721929493304	0.730622175361	0.697253543297	0.725697436723	0.706766042346	0.692952928636	0.731973495757	0.514287330767	0.0	0.743008294145	0.70949039338	0.725066293833	0.7302304408	0.762578676692	0.684423728559	0.736792413997	0.720637415792	0.677125026913	0.734243789017	0.744871654298	0.762078927969	0.732270580996	0.681586305905	0.737699853097	0.737011685176	0.720644423617	0.74637364093	0.69154449912	0.659666364399	0.75136902527	0.723303679854	0.761905100469	0.807572362284	0.803386203671	0.68268317101	0.699271048508	0.73885842098	0.725070521193	0.722304946805	0.715052641224	0.685469321349	0.709952968019	0.772297562961	0.758759698231	0.761742903902	0.694108305264	0.738621172891	0.73208890634	0.750744405322	0.72708433245	0.687885896073	0.745109892948	0.671633987944	0.732728521941	0.69512197553	0.718358370868	0.76904030844	0.685516132204	0.66708692755	0.718034641873	0.73162753753	0.708141665111	0.697861080938	0.71128155448	0.745487390541	0.772530905033	0.724340505675	0.683538165273	0.711727930097	0.798686940257	0.706818481377	0.593452436498	0.610798792917	0.721520618983	0.689582205209	0.70401798296	0.713613742058	0.678081106121	0.756614078747	0.727692336983	0.76199720613	0.758461656965	0.689969274151	0.740818457137	0.760204200158	0.740439450299	0.743896528283	0.714251892909	0.726362047563	0.770609331285	0.719987521522	0.701108635628	0.758302386741	0.776583373552	0.705543619213	0.671771645849	0.699082788669	0.627424217717	0.758026654581	0.699019220661	0.659522626023	0.673000064344	0.717870609515	0.747180297282	0.734653665691	0.679879050878	0.758930927605	0.753323157062	0.74575631596	0.726472975868	0.738533014892	0.72684323634	0.702958438771	0.677596215497	0.739827709312	0.69797608597	0.699432851806	0.672923784914	0.626796696368	0.794154010893	0.692193620441	0.700272308615	0.667583137912	0.768481831177	0.691288938286	0.70316352601	0.724547972977	0.704893828927	0.70581419093	0.725095211201	0.710060473023	0.732465319107	0.675060265235	0.703346273838	0.713679938342	0.697115103872	0.704026825596	0.710322753652	0.745805092559
206646	0.634348242383	0.696992638777	0.723485262857	0.622005634647	0.652642561384	0.710163564957	0.662470618295	0.662691614087	0.655972783136	0.693371375272	0.74504142074	0.743008294145	0.0	0.680364855412	0.747857404628	0.731663384517	0.634532778011	0.725902921908	0.727779090431	0.651479477172	0.702121463358	0.667229930111	0.679603625843	0.607181464807	0.822065985962	0.771740923867	0.595254359556	0.8118109393	0.685234564348	0.715450667402	0.738396753771	0.724743792933	0.726233990518	0.750117901255	0.807462420841	0.627148996861	0.652108088628	0.741859033326	0.729944073391	0.771367454847	0.663412885115	0.629994244749	0.645130178831	0.717080403266	0.730290796332	0.611433930847	0.615831420781	0.709381559296	0.695236981632	0.635758800783	0.711984054894	0.645352775041	0.720329377344	0.674729441913	0.635652437023	0.677814806253	0.802439037345	0.740030210475	0.606583110185	0.810809509017	0.70007818076	0.677448721327	0.638778309235	0.642229157524	0.748356773918	0.647148033811	0.647835947732	0.610655697349	0.667908851646	0.69659405056	0.624430025124	0.683662845804	0.668113378275	0.695417871817	0.723260401801	0.689350771737	0.699585249877	0.6782576275	0.744842703292	0.63831342965	0.752588683949	0.618527425124	0.68165549228	0.733262248552	0.697045784245	0.666306799898	0.592621838223	0.617524152334	0.651509808268	0.662244772663	0.655219390362	0.787247938417	0.667412143141	0.644283172264	0.645502941706	0.709383019734	0.703530271486	0.682873615725	0.729761348976	0.703993423048	0.716916818203	0.702444476316	0.71771541449	0.752951678255	0.797161253345	0.657358014874	0.680338214553	0.706299065711	0.623407508334	0.605143710896	0.597645106748	0.713919174043	0.650379115977	0.742911030349	0.726020551646	0.705558422895	0.70552479333	0.649441807166	0.786032134699	0.737103091164	0.748114385737	0.737702272752	0.663306542032	0.687439201776	0.675953157339	0.700468336754	0.64571212908	0.766633702363	0.712588190967	0.625841705346	0.771811406742	0.730461526088	0.732490401925	0.674546714823	0.716764215528	0.72217005264	0.75444152909	0.714903776086	0.803656511728	0.672748472049	0.674474697163	0.801380706049
206647	0.681163024089	0.656051820323	0.696833264737	0.636762999849	0.672703402474	0.522946310637	0.603531852877	0.6185151372	0.617070980242	0.650333770379	0.687889109109	0.70949039338	0.680364855412	0.0	0.674919156412	0.730403845085	0.642751032526	0.726300059253	0.637954388357	0.64980627734	0.628486629206	0.685224252826	0.686962046125	0.63220667344	0.764819338745	0.741585425093	0.627545741258	0.812697882143	0.646814123768	0.644164795045	0.747746380448	0.704066403926	0.674898965597	0.708440270105	0.769181796272	0.662733375813	0.697238962696	0.675259944578	0.682328768215	0.692107107568	0.628034896839	0.618556390729	0.603876775618	0.648740249139	0.643182838043	0.626941757387	0.642680886541	0.676609351253	0.661004963223	0.664074601072	0.6631173602	0.624180833557	0.661466040475	0.677462073965	0.639514892252	0.628821969918	0.72069669602	0.669532867955	0.634980117293	0.767361788642	0.634890685493	0.676713653217	0.614395935614	0.629397196851	0.688049296485	0.62226762766	0.599222260531	0.673703491876	0.684090333464	0.639130055035	0.66899897717	0.677309848772	0.676352303448	0.668134804933	0.669399140071	0.658666783851	0.685787339126	0.668751846097	0.702271307802	0.633163727157	0.720900422058	0.652570835648	0.603099780407	0.707102015484	0.677885918577	0.650830329924	0.652501507049	0.646166720311	0.640400864197	0.666670021276	0.599014770043	0.710772722221	0.666629686196	0.61382045103	0.651600866685	0.715431260015	0.727187953005	0.623062580807	0.68509602896	0.660750205975	0.705502227839	0.653746858187	0.696175962967	0.680483972241	0.732847699344	0.641432490431	0.65620266799	0.66670751986	0.670575105363	0.658606991374	0.630947566452	0.627318874125	0.652806144896	0.63694929656	0.635914931245	0.646847365429	0.672538977762	0.628566286793	0.721572548898	0.658226415251	0.649073282471	0.686651874782	0.715189999831	0.621708514624	0.642210905163	0.647051577695	0.658868582836	0.730879723796	0.637785982477	0.635066779049	0.710055355942	0.689159662174	0.665520374671	0.695986809694	0.650461921262	0.666226345837	0.745205575929	0.706436666111	0.77542889091	0.627640586419	0.675248838399	0.764863696235
224327	0.708738422632	0.647505477558	0.734491563917	0.681266753507	0.716955580866	0.625954922838	0.642904637085	0.662652161668	0.614023991897	0.620769002953	0.715858792369	0.725066293833	0.747857404628	0.674919156412	0.0	0.669136003154	0.685459026868	0.705102716259	0.630933635782	0.728009088471	0.706667691292	0.716832875976	0.70928324901	0.697085896355	0.718529861968	0.734558164535	0.69051733894	0.727142397902	0.578773652999	0.611953366311	0.7395357254	0.705603345827	0.674532390313	0.746997333089	0.701866086448	0.726650649613	0.746291575482	0.630879365191	0.637141536053	0.439244931702	0.681808283661	0.661314983816	0.659806221451	0.570068464638	0.550693903359	0.718835605047	0.660734897549	0.726742834315	0.629828080414	0.737744129565	0.634815510483	0.650302211066	0.666366005269	0.685156374315	0.694903322324	0.623175982091	0.696077481257	0.668062152419	0.681087255313	0.761438441359	0.566140474201	0.685044053792	0.625685873887	0.626145084537	0.607506991655	0.66047989452	0.615763230547	0.724773515776	0.745963818633	0.596414180352	0.665882466664	0.717663022922	0.74182476744	0.706827829769	0.639016416699	0.625984044828	0.700856566713	0.675770993685	0.595751130781	0.650091118823	0.705230270294	0.728312607928	0.715567917204	0.688219575492	0.66666347676	0.680919786614	0.664471612373	0.724859866408	0.697837039436	0.711428935896	0.647588589023	0.682461754234	0.732256787386	0.64878027526	0.722980415046	0.730252457682	0.743653391437	0.664478659959	0.709577041775	0.66320342616	0.733663061382	0.657482754942	0.735752408451	0.736118854353	0.736102961658	0.683873974077	0.607798151656	0.669165655239	0.673785783449	0.712671080852	0.693953606188	0.627469941083	0.721646971767	0.603280386848	0.607578562488	0.689350014443	0.697222636019	0.654599457455	0.676472917327	0.731396577675	0.679229640262	0.642461815511	0.751897078116	0.566357588178	0.644178628711	0.672457815241	0.730696928508	0.640462846484	0.646095217075	0.709272100331	0.62453969924	0.633153404652	0.6212515999	0.7216510611	0.618648266831	0.642919556967	0.696884286133	0.701499273144	0.697204338091	0.623699763769	0.699060779546	0.740541371744
215023	0.752619932326	0.650396542422	0.759996269076	0.714258687406	0.734625179515	0.675977646637	0.724351216957	0.695998720689	0.693245614828	0.700415539469	0.736986797879	0.7302304408	0.731663384517	0.730403845085	0.669136003154	0.0	0.756142520494	0.694639174922	0.709782999591	0.749566040332	0.678964643226	0.754758503126	0.732682207675	0.767351733652	0.711732719738	0.771716675502	0.740611898112	0.739164414403	0.64540312386	0.708489446284	0.741595928991	0.68669367789	0.706338721248	0.729972662722	0.69310137271	0.766007619695	0.745247149882	0.680395282671	0.689636616054	0.712230067052	0.721822077547	0.684353713783	0.656015110049	0.685426135334	0.702546659261	0.765517053987	0.715157236924	0.748861164766	0.666921212513	0.744300503404	0.668950848975	0.722577688293	0.707267833109	0.697189043332	0.754658192385	0.656964857053	0.677110875842	0.686789943452	0.734584497644	0.745859071514	0.682792529637	0.663834371014	0.743918682595	0.723908752039	0.59757846926	0.681256579819	0.688425517559	0.763868072316	0.771691133347	0.743760256724	0.619316752069	0.747266664944	0.778742933046	0.765520752235	0.70834380475	0.714396844003	0.692905838032	0.702378148695	0.715683779285	0.699088737019	0.742814136665	0.753657601633	0.718842758995	0.715886153759	0.691046073383	0.755102533243	0.718662544083	0.763417477776	0.728995883627	0.767317555387	0.706490545728	0.749507880138	0.761634364021	0.741844977347	0.740805674389	0.754341910967	0.763775169916	0.693474713018	0.674385374903	0.67547505329	0.719690010896	0.755681332625	0.742113569187	0.730298237573	0.758182409899	0.703380108692	0.680744366233	0.78677295947	0.695970875701	0.735221176784	0.734803660288	0.75476704337	0.754903809788	0.719652559439	0.693839419821	0.729831795449	0.668218073174	0.709926913449	0.695359955817	0.670522790512	0.674831843459	0.689829170007	0.781347648845	0.689729483051	0.695877437581	0.689309724772	0.754976819064	0.709441620224	0.674445493556	0.731527437151	0.716501781504	0.718773534022	0.736633456479	0.753008811574	0.701182346405	0.721391671793	0.771952522705	0.723135463993	0.701191479166	0.675734556936	0.721160946884	0.754657143401
206739	0.645483443293	0.698185060399	0.718334868927	0.606809413862	0.640883884754	0.677597045049	0.557568178105	0.59767341462	0.62377253844	0.626443254379	0.751467380985	0.762578676692	0.634532778011	0.642751032526	0.685459026868	0.756142520494	0.0	0.747762706867	0.680182154685	0.625184162333	0.723743810592	0.651920515069	0.659228166306	0.519051118663	0.818853499064	0.788185807939	0.541074542486	0.824825067904	0.650200862699	0.673122612106	0.738099585603	0.757163537915	0.706101369405	0.774544096734	0.82323073622	0.610944463938	0.635135409813	0.709583067632	0.697670003357	0.704259045443	0.556079107342	0.596335940716	0.649586021934	0.685323454481	0.696939811923	0.56166243523	0.548334833771	0.699181678104	0.682071597983	0.660325295432	0.663198799997	0.567625858096	0.717852935832	0.664255133838	0.585679418032	0.671599757169	0.789614091372	0.745513231099	0.596292952558	0.830612111817	0.672410566008	0.689231290435	0.563209628342	0.576864379796	0.753431103196	0.591316109465	0.598999118068	0.590829554962	0.661217881521	0.584763779218	0.654391084797	0.679176765428	0.634946814305	0.674148338276	0.688186989809	0.680806000591	0.687958780957	0.670928589108	0.732155018536	0.643132231851	0.763009329751	0.592579002236	0.639938691522	0.686139504344	0.687790728399	0.65984435541	0.567084099318	0.579589936951	0.644148640534	0.619232873371	0.603114292971	0.786358290171	0.632924485341	0.587870171432	0.627127196751	0.682318036921	0.672107589883	0.653793560299	0.698942302332	0.67785766183	0.73850896762	0.587778334425	0.711029174879	0.747321818837	0.815070965654	0.633906591246	0.629886635505	0.571880780375	0.636684252052	0.593807170771	0.543169349275	0.619783882604	0.636416652325	0.709030183151	0.699238065787	0.669901725398	0.718051342618	0.627620064789	0.789943310965	0.743173420669	0.730710210834	0.717935231873	0.641131379741	0.654384076001	0.671260233957	0.720788027471	0.660301921574	0.768405620502	0.7235231383	0.607350035653	0.770371033591	0.723698780875	0.63341992548	0.663182412968	0.664279568276	0.695619016345	0.771445996335	0.686016356877	0.805724620182	0.658752029595	0.664325653703	0.815798604116
219693	0.752328247158	0.703894251123	0.762152455836	0.699402851583	0.743233514227	0.710496439883	0.730178339518	0.697267406699	0.659509839521	0.710574633596	0.658588781981	0.684423728559	0.725902921908	0.726300059253	0.705102716259	0.694639174922	0.747762706867	0.0	0.679417295599	0.713590230311	0.687074464514	0.712213107887	0.709618705003	0.743630614305	0.704805985439	0.744330291886	0.725762818673	0.724364835744	0.642255214309	0.653027457581	0.716068844561	0.664264208703	0.718644823764	0.67424317101	0.731722184498	0.781244011155	0.771677767989	0.700827405506	0.716440651872	0.713722494468	0.667365619352	0.705647176188	0.686517324429	0.685734142372	0.691386730495	0.745763788997	0.72709906052	0.754400611886	0.653035088219	0.702544084109	0.679585698715	0.720334812068	0.692069039278	0.629204644379	0.723709921912	0.649179648179	0.677062091117	0.641720214111	0.697042815679	0.720502830016	0.652498935486	0.689362870738	0.696827457565	0.717145876093	0.665449928978	0.705899757567	0.701152260383	0.755996459553	0.740754681603	0.708185193193	0.653674388664	0.728173879171	0.770398530604	0.723867774591	0.639492143503	0.64844465509	0.686923732973	0.699612518164	0.686777431051	0.676525692518	0.725145232672	0.7365168792	0.705509704386	0.74190684438	0.720240030148	0.68396920591	0.710677354567	0.753625681214	0.734436763791	0.747437342231	0.698146476376	0.752391821248	0.731038766817	0.709542656064	0.729808020991	0.736356803701	0.762586837526	0.702625256926	0.704489976399	0.699137126999	0.683230155927	0.695461939518	0.705847646986	0.724439128561	0.723026442772	0.704304959298	0.687232377882	0.699322368935	0.629331925473	0.748324646162	0.744486057221	0.674591798286	0.707664777514	0.698797123713	0.682828312855	0.668021827312	0.677986604616	0.682655038193	0.721416387244	0.722488682514	0.667259462454	0.617884015514	0.780989429384	0.669003484346	0.683803162754	0.690512484793	0.746426663716	0.666337041777	0.647009614817	0.734780318076	0.695692072116	0.653179154776	0.728237813268	0.712837757708	0.665899991626	0.624727416791	0.685331882376	0.725767646027	0.72395061978	0.670767403298	0.709187300113	0.727195781955
